image_width: 1440
image_height: 1080
camera_name: gimbal_camera
# 英雄
camera_matrix:
  rows: 3
  cols: 3
  data: [2340.46464112537, 0.0, 713.3224120377864, 0.0, 2336.8745144649124, 547.4106752074272, 0.0, 0.0, 1.0]
distortion_model: plumb_bob
distortion_coefficients:
  rows: 5
  cols: 1
  data: [-0.09558691800515781, 0.3013704144837407, -0.0008218465102445683, 0.00024582434306615617, 0.0]
rectification_matrix:
  rows: 3
  cols: 3
  data: [1.0, 0.0, 0.0, 0.0, 1.0, 0.0, 0.0, 0.0, 1.0]
projection_matrix:
  rows: 3
  cols: 4
  data: [2323.906982421875, 0.0, 712.9446224841959, 0.0, 0.0, 2324.767578125, 546.6426169058832, 0.0, 0.0, 0.0, 1.0, 0.0]
